YRI	1	0	0	0	?	1	?	0	0	0	0	0	0	1	?	?	0	0	0	0	1	1	0	0	0	?	?	?	?	0	0	0	1	0	1	0	0	0	0	?	0	0	?	0	0	1	0	0	?	?	
CEU	1	1	0	1	1	1	0	1	1	1	1	0	1	1	0	0	0	1	0	1	0	1	1	1	1	0	1	1	?	0	0	1	1	1	1	1	1	1	0	1	0	?	1	1	1	0	?	1	0	1	
CEU	1	1	0	1	?	1	0	1	?	1	?	1	0	1	?	?	1	?	?	?	0	1	?	?	?	0	?	?	?	1	0	?	1	1	1	?	?	?	0	?	0	1	1	1	1	0	?	?	?	?	
CEU	?	1	0	1	?	1	0	1	1	1	?	0	1	1	?	?	0	?	?	?	0	1	?	?	?	0	?	?	?	0	0	?	1	1	1	?	?	?	0	?	0	1	1	1	0	0	?	?	?	?	
CEU	1	1	0	1	1	1	0	1	1	1	1	0	1	1	1	0	0	1	1	1	1	1	1	1	1	0	1	1	1	0	0	1	1	1	1	1	1	1	0	1	0	1	1	1	0	0	0	1	0	0	
CEU	1	1	0	1	1	1	0	1	1	1	1	0	0	1	0	0	0	1	0	1	0	1	1	1	1	0	1	1	1	0	0	1	0	1	0	1	1	1	0	0	0	1	0	0	0	0	0	1	1	0	
CEU	1	1	0	1	1	1	0	1	1	1	1	0	0	1	0	0	0	1	0	1	0	1	1	1	1	0	1	1	?	0	0	1	0	1	0	1	1	1	0	0	0	1	0	0	1	0	0	1	1	0	
YRI	1	0	0	0	?	0	?	0	0	0	0	0	0	0	?	?	0	0	0	0	1	0	0	0	0	?	?	?	?	0	0	0	0	0	0	0	0	0	0	?	0	0	?	0	1	0	0	0	?	?	
YRI	1	0	0	0	1	0	0	0	0	0	0	0	0	0	1	0	0	0	0	0	1	0	0	0	0	0	0	1	0	0	0	0	0	0	0	0	0	0	0	0	0	0	0	0	0	0	0	0	?	0	
YRI	1	0	0	0	1	1	0	0	0	0	0	0	1	1	0	0	0	0	0	0	0	1	0	0	0	0	1	1	?	0	0	0	1	0	1	0	0	0	0	1	0	0	1	0	0	0	0	0	1	0	
YRI	?	0	0	0	1	?	1	0	0	0	0	?	0	1	1	0	?	0	0	0	?	?	0	0	0	0	1	1	1	?	0	0	?	0	1	0	0	0	0	0	0	0	0	0	0	?	0	0	1	0	
YRI	1	0	0	0	1	0	1	0	0	0	0	0	0	0	1	0	0	0	0	0	1	0	0	0	0	0	0	1	0	0	0	0	0	0	0	0	0	0	0	0	0	0	0	0	1	1	0	0	?	0	
YRI	1	0	0	0	1	1	0	0	0	0	0	0	0	1	1	0	0	0	0	0	1	1	0	0	0	0	1	1	1	0	0	0	1	0	1	0	0	0	0	1	0	0	1	0	1	0	0	0	0	0	
YRI	1	0	0	0	1	1	0	0	0	0	0	0	0	1	0	0	0	0	0	0	0	1	0	0	0	0	1	1	1	0	0	0	1	0	1	0	0	0	0	1	0	0	1	0	0	0	0	0	1	0	
YRI	?	0	0	0	1	?	0	0	0	0	0	?	0	0	1	0	?	0	0	0	?	?	0	0	0	0	0	1	0	?	0	0	?	0	0	0	0	0	0	0	0	0	0	0	0	?	0	0	1	0	
YRI	1	0	0	0	1	0	1	0	0	0	0	0	0	0	1	0	0	0	0	0	1	0	0	0	0	0	0	1	0	0	0	0	0	0	0	0	0	0	0	0	0	0	0	0	1	1	0	0	1	0	
YRI	1	0	0	0	1	1	1	0	0	0	0	0	0	1	1	0	0	0	0	0	1	1	0	0	0	0	1	1	1	0	0	0	1	0	1	0	0	0	0	0	0	0	0	0	1	1	0	0	0	0	
GIH	0	1	0	0	0	1	0	1	0	1	0	0	1	1	0	0	0	0	0	0	0	1	0	0	0	0	0	0	0	0	0	0	1	1	1	0	0	0	0	0	0	1	1	1	1	0	0	0	0	0	
GIH	1	1	0	0	0	1	0	1	0	1	0	0	0	1	0	0	0	0	0	0	1	1	0	0	0	0	0	0	0	0	0	0	0	1	0	0	0	0	0	0	0	1	0	0	1	0	0	0	0	0	
GIH	0	1	0	0	0	1	0	1	0	1	0	0	0	1	0	0	0	0	0	0	1	1	0	0	0	0	0	0	0	0	0	0	0	1	0	0	0	0	0	0	0	1	0	0	1	0	0	0	0	0	
GIH	1	1	0	0	0	1	0	1	0	1	0	0	1	1	0	0	0	0	0	0	0	1	0	0	0	0	0	0	0	0	0	0	1	1	1	0	0	0	0	0	0	1	1	1	0	0	0	0	0	0	
GIH	1	1	0	0	0	1	0	1	0	1	0	0	1	1	0	0	0	0	0	0	0	1	0	0	0	0	0	0	0	0	0	0	1	1	1	0	0	0	0	0	0	?	1	1	0	0	0	0	0	0	
GIH	1	1	0	0	0	1	0	1	0	1	0	0	1	1	0	0	0	0	0	0	0	1	0	0	0	0	0	0	0	0	0	0	1	1	1	0	0	0	0	0	0	1	1	1	0	0	0	0	0	0	
GIH	1	1	0	0	0	1	0	1	0	1	0	?	1	1	0	0	0	0	0	0	0	1	0	0	0	0	0	0	0	0	0	0	1	1	1	0	0	0	0	0	0	1	1	1	0	0	0	0	0	0	
GIH	1	1	0	0	0	0	0	1	0	1	0	1	0	0	0	0	1	0	0	0	1	0	0	0	0	0	0	0	0	1	0	0	1	1	1	0	0	0	0	0	0	1	1	1	0	0	0	0	0	0	
ASW	1	1	0	1	0	1	0	1	0	1	0	0	1	1	0	0	0	0	0	0	1	1	0	0	0	0	0	0	0	0	0	0	1	1	1	0	0	0	0	0	0	1	1	1	0	0	0	0	0	0	
ASW	1	1	0	1	0	1	0	1	0	1	0	0	0	1	0	0	0	0	0	0	0	1	0	0	0	0	0	0	0	0	0	0	1	1	1	0	0	0	0	0	0	1	0	0	0	0	0	0	0	0	
ASW	1	1	1	1	0	1	0	1	0	1	0	0	0	1	0	0	0	0	0	0	1	1	0	0	0	0	0	0	0	0	0	0	1	1	1	0	0	0	0	0	0	1	0	0	0	0	0	0	0	0	
ASW	1	1	1	1	0	1	0	1	0	1	0	0	0	1	0	0	0	0	0	0	1	1	0	0	0	0	0	0	0	0	0	0	1	1	1	0	0	0	0	0	0	1	0	0	0	0	0	0	0	0	
GIH	1	1	0	0	0	1	0	1	0	1	0	1	1	1	0	0	1	0	0	0	0	1	0	0	0	0	0	0	0	1	0	0	1	1	1	0	0	0	0	0	0	1	1	1	0	0	0	0	0	0	
GIH	1	1	0	0	0	0	0	1	0	1	0	0	0	0	0	0	0	0	0	0	1	0	0	0	0	0	0	0	0	0	0	0	0	1	0	0	0	0	0	0	0	1	0	0	0	0	0	0	0	0	
ASW	1	1	1	1	0	1	0	1	0	1	0	0	1	1	0	0	0	0	0	0	0	1	0	0	0	0	0	0	0	0	0	0	1	1	1	0	0	0	0	0	0	1	1	1	0	0	0	0	0	0	
ASW	1	1	0	1	0	1	0	1	0	1	0	0	0	1	0	0	0	0	0	0	0	1	0	0	0	0	0	0	0	0	0	0	0	1	0	0	0	0	0	0	0	1	0	0	1	0	0	0	0	0	
JPT	1	0	0	0	0	0	1	0	0	0	0	0	0	0	1	0	0	0	1	0	1	0	0	0	0	0	0	1	0	0	0	0	0	0	0	0	0	0	1	0	1	1	0	0	0	0	0	1	0	0	
JPT	1	0	0	0	0	0	0	0	0	0	0	1	0	0	1	1	1	0	1	0	1	0	0	0	0	0	0	1	0	1	0	0	0	0	0	0	0	0	1	0	1	1	0	0	1	0	0	1	0	1	
ASW	1	1	0	1	0	1	0	1	0	1	0	0	0	1	0	0	0	0	0	0	1	1	0	0	0	0	0	0	0	0	0	0	1	1	1	0	0	0	0	0	0	1	1	0	0	0	0	0	0	0	
ASW	1	1	0	1	0	1	0	1	0	1	0	0	1	1	0	0	0	0	0	0	0	1	0	0	0	0	0	0	0	0	0	0	1	1	1	0	0	0	0	0	0	1	1	1	0	0	0	0	0	0	
ASW	0	1	0	1	0	0	0	1	0	1	0	0	0	0	0	0	0	0	0	0	1	0	0	0	0	0	0	0	0	0	0	0	0	1	0	0	0	0	0	0	0	?	0	0	0	0	0	0	0	0	
ASW	1	1	0	1	0	0	0	1	0	1	0	0	0	0	0	0	0	0	0	0	1	0	0	0	0	0	0	0	0	0	0	0	0	1	0	0	0	0	0	0	0	1	0	0	0	0	0	0	0	0	
JPT	1	0	0	0	0	0	0	0	0	0	0	0	0	0	1	0	0	0	1	0	1	0	0	0	0	1	0	1	0	0	1	0	0	0	0	0	0	0	1	0	1	1	0	0	0	0	0	1	0	0	
JPT	1	0	0	0	0	1	0	0	0	0	0	0	1	1	1	0	0	0	0	0	1	1	0	0	0	1	1	1	0	0	0	0	1	0	1	0	0	0	1	1	1	1	1	1	0	0	1	1	0	0	
ASW	1	1	0	1	0	0	0	1	0	1	0	1	0	0	0	0	1	0	0	0	0	0	0	0	0	0	0	0	0	1	0	0	1	1	1	0	0	0	0	0	0	1	1	1	0	1	0	0	0	0	
JPT	1	0	0	0	0	0	0	0	0	0	0	1	0	0	?	?	1	0	?	0	1	0	0	0	0	?	?	?	0	1	?	0	0	0	0	0	0	0	?	?	?	1	0	0	1	0	?	?	?	?	
JPT	1	0	0	0	0	1	0	0	0	0	0	0	1	1	0	0	0	0	0	0	0	1	0	0	0	0	1	1	0	0	0	0	1	0	1	0	0	0	0	1	0	1	1	1	0	0	1	1	0	0	
JPT	1	0	0	0	0	1	0	0	0	0	0	0	1	1	?	?	0	0	?	0	1	1	0	0	0	?	?	?	0	0	?	0	1	0	1	0	0	0	?	?	?	1	1	1	0	0	?	?	?	?	
JPT	1	0	0	0	0	1	0	0	0	0	0	1	1	1	0	1	1	0	0	0	0	1	0	0	0	0	1	1	0	1	0	0	1	0	1	0	0	0	1	1	1	1	1	1	0	0	1	1	1	1	
JPT	1	0	0	0	0	1	0	0	0	0	0	0	1	1	1	0	0	0	1	0	1	1	0	0	0	0	1	1	0	0	0	0	1	0	1	0	0	0	1	1	1	1	1	1	0	0	1	1	0	0	
YRI	1	0	0	0	1	1	0	0	0	0	0	0	0	1	0	0	0	0	0	0	0	1	0	0	0	0	1	1	1	0	0	0	0	0	0	0	0	0	0	0	0	0	0	0	1	0	0	0	1	1	
YRI	1	0	0	0	?	0	?	0	0	0	0	0	0	0	?	?	0	0	0	0	1	0	0	0	0	?	?	?	?	0	0	0	0	0	0	0	0	0	0	?	0	0	?	0	0	0	0	0	?	?	
YRI	1	0	0	0	1	1	1	0	0	0	0	0	0	1	0	0	0	0	0	0	0	1	0	0	0	0	1	1	1	0	0	0	1	0	1	0	0	0	0	1	0	0	1	0	0	1	0	0	1	0	
YRI	1	0	0	0	?	1	?	0	0	0	0	0	0	1	?	?	0	0	0	0	1	1	0	0	0	?	?	?	?	0	0	0	1	0	1	0	0	0	0	?	0	0	?	0	0	0	0	0	?	?	
YRI	1	0	1	0	?	1	?	0	0	0	0	0	1	1	?	?	0	0	0	0	0	1	0	0	0	?	?	?	?	0	0	0	1	0	1	0	0	0	0	?	0	0	?	1	0	0	0	0	?	?	
YRI	1	0	0	0	?	0	?	0	0	0	0	0	0	0	?	?	0	0	0	0	1	0	0	0	0	?	?	?	?	0	0	0	0	0	0	0	0	0	0	?	0	0	?	0	0	0	0	0	?	?	
YRI	0	0	0	0	?	1	?	0	0	0	0	0	1	1	?	?	0	0	0	0	0	1	0	0	0	?	?	?	?	0	0	0	1	0	1	0	0	0	0	?	0	0	?	0	1	0	0	0	?	?	
ASW	1	1	0	1	0	0	0	1	0	1	0	0	0	0	0	0	0	0	0	0	1	0	0	0	0	0	0	0	0	0	0	0	0	1	0	0	0	0	0	0	0	1	0	0	0	0	0	0	0	0	
JPT	1	0	0	0	0	1	0	0	0	0	0	0	1	1	1	0	0	0	0	0	1	1	0	0	0	1	1	1	0	0	0	0	1	0	1	0	0	0	1	1	1	1	1	1	0	0	1	1	0	0	
CEU	1	1	0	1	1	0	0	1	1	1	1	0	0	0	1	0	0	1	0	1	1	0	1	1	1	0	0	1	0	0	0	1	0	1	0	1	1	1	0	0	0	1	0	0	0	0	0	1	?	0	
CEU	1	1	0	1	1	1	0	1	1	1	1	1	1	1	0	1	1	1	0	1	0	1	1	1	1	0	1	1	1	1	0	1	1	1	1	1	1	1	0	1	0	1	1	1	0	0	0	1	0	1	
CEU	1	1	0	1	?	0	0	1	1	1	?	0	0	0	?	?	0	?	?	?	1	0	?	?	?	0	?	?	?	0	0	?	0	1	0	?	?	?	0	?	0	1	0	0	0	0	?	?	?	?	
CEU	1	1	0	1	?	0	0	1	1	1	?	1	0	0	?	?	1	?	?	?	1	0	?	?	?	0	?	?	?	1	0	?	1	1	1	?	?	?	0	?	0	1	1	1	0	0	?	?	?	?	
CEU	1	0	0	0	0	0	0	0	1	0	0	0	0	0	0	0	0	0	0	0	0	0	0	0	1	0	0	0	0	0	0	0	0	0	0	0	0	0	0	0	0	0	0	0	0	0	0	?	?	0	
CEU	1	1	0	1	1	1	0	1	1	1	1	0	1	1	0	0	0	1	0	1	0	1	1	1	1	0	1	1	1	0	0	1	1	1	1	1	1	1	0	1	0	1	1	1	0	0	0	1	0	0	
CEU	1	1	0	1	1	1	0	1	1	1	1	0	1	1	0	0	0	1	0	1	0	1	1	1	1	0	1	1	1	0	0	1	1	1	1	1	1	1	0	1	0	1	1	1	0	0	0	1	0	0	
CEU	1	1	0	1	1	1	0	1	1	1	1	0	1	1	0	0	0	1	0	1	0	1	1	1	1	0	1	1	1	0	0	1	1	1	1	1	1	1	0	1	0	1	1	1	0	0	1	1	0	0	
CEU	1	1	0	1	1	1	0	1	1	1	1	0	0	1	0	0	0	1	0	1	0	1	1	1	1	0	1	1	1	0	0	1	0	1	0	1	1	1	0	0	0	1	0	0	1	0	0	1	1	0	
GIH	1	1	0	0	0	1	0	1	0	1	0	0	1	1	0	0	0	0	0	0	0	1	0	0	0	0	0	0	0	0	0	0	1	1	1	0	0	0	0	0	0	1	1	1	1	0	0	0	0	0	
ASW	1	1	0	1	0	0	0	1	0	1	0	0	0	0	0	0	0	0	0	0	1	0	0	0	0	0	0	0	0	0	0	0	0	1	0	0	0	0	0	0	0	1	0	0	0	0	0	0	0	0	
CEU	1	1	0	1	?	1	0	1	1	1	?	0	1	1	?	?	0	?	?	?	1	1	?	?	?	0	?	?	?	0	0	?	1	1	1	?	?	?	0	?	0	1	0	0	1	0	?	?	?	?	
CEU	0	1	0	1	?	1	0	1	1	1	?	0	1	1	?	?	0	?	?	?	0	1	?	?	?	0	?	?	?	0	0	?	1	1	1	?	?	?	0	?	0	1	1	1	0	0	?	?	?	?	
CEU	1	1	0	1	1	1	1	1	1	1	1	0	1	1	1	0	0	1	1	1	1	1	1	1	1	0	1	1	1	0	0	1	1	1	1	1	1	1	0	1	0	1	1	1	0	0	0	1	0	0	
CEU	1	1	0	1	1	1	0	1	1	1	1	0	1	1	1	0	0	1	0	1	1	1	1	1	1	0	1	1	1	0	0	1	1	1	1	1	1	1	0	1	0	1	1	1	0	0	0	1	1	0	
CEU	1	1	0	1	?	1	0	1	1	1	?	0	1	1	?	?	0	?	?	?	0	1	?	?	?	0	?	?	?	0	0	?	1	1	1	?	?	?	0	?	0	1	1	1	1	0	?	?	?	?	
CEU	1	1	0	1	1	1	0	1	1	1	1	0	1	1	0	0	0	1	0	1	0	1	1	1	1	0	1	1	1	0	0	1	1	1	1	1	1	1	0	1	0	1	1	1	0	0	1	1	0	0	
CEU	1	1	0	1	1	0	0	1	1	1	1	1	0	0	1	1	1	1	0	1	1	0	1	1	1	0	0	1	0	1	0	1	1	1	1	1	1	1	0	1	0	1	1	1	0	0	0	1	1	0	
CEU	1	1	0	1	?	0	0	1	1	1	?	0	0	0	?	?	0	?	?	?	1	0	?	?	?	0	?	?	?	0	0	?	0	1	0	?	?	?	0	?	0	1	0	0	0	0	?	?	?	?	
CEU	1	1	0	1	1	1	0	1	1	1	1	0	1	1	0	0	0	1	0	1	0	1	1	1	1	0	1	1	1	0	0	1	1	1	1	1	1	1	0	1	0	1	1	1	0	0	0	1	0	0	
ASW	1	1	0	1	0	1	0	1	0	1	0	0	0	1	0	0	0	0	0	0	0	1	0	0	0	0	0	0	0	0	0	0	1	1	1	0	0	0	0	0	0	1	1	0	0	1	0	0	0	0	
JPT	1	0	0	0	0	1	0	0	0	0	0	1	1	1	?	?	1	0	?	0	0	1	0	0	0	?	?	?	0	1	?	0	1	0	1	0	0	0	?	?	?	1	1	1	0	0	?	?	?	?	
JPT	1	0	0	0	0	1	0	0	0	0	0	0	1	1	1	0	0	0	1	0	1	1	0	0	0	0	1	1	0	0	0	0	1	0	1	0	0	0	1	1	1	1	1	1	0	0	1	1	0	0	
JPT	1	0	0	0	0	0	0	0	0	0	0	0	0	0	?	?	0	0	?	0	1	0	0	0	0	?	?	?	0	0	?	0	0	0	0	0	0	0	?	?	?	1	0	0	0	0	?	?	?	?	
JPT	1	0	0	0	0	1	0	0	0	0	0	0	0	1	1	0	0	0	0	0	1	1	0	0	0	1	1	1	0	0	0	0	1	0	1	0	0	0	1	1	1	1	1	0	0	0	0	1	0	0	
JPT	1	0	0	0	0	1	0	0	0	0	0	0	1	1	1	0	0	0	1	0	1	1	0	0	0	0	1	1	0	0	0	0	1	0	1	0	0	0	1	1	1	1	1	1	0	0	?	1	0	0	
JPT	1	0	0	0	0	0	0	0	0	0	0	1	0	0	1	1	1	0	0	0	1	0	0	0	0	1	0	1	0	1	1	0	1	0	1	0	0	0	1	1	1	1	1	1	0	0	0	1	1	0	
JPT	1	0	0	0	0	0	0	0	0	0	0	1	0	0	1	1	1	0	1	0	1	0	0	0	0	0	0	1	0	1	0	0	1	0	1	0	0	0	1	1	1	1	1	1	0	0	0	1	1	0	
JPT	1	0	0	0	0	1	0	0	0	0	0	0	1	1	1	0	0	0	0	0	1	1	0	0	0	1	1	1	0	0	0	0	1	0	1	0	0	0	1	1	1	1	1	1	0	0	1	1	0	0	
JPT	1	0	0	0	0	1	0	0	0	0	0	1	1	1	0	1	1	0	0	0	0	1	0	0	0	0	1	1	0	1	0	0	1	0	1	0	0	0	1	1	1	1	1	1	1	0	1	1	0	1	
CEU	1	1	0	1	?	1	0	1	1	1	?	1	0	1	?	?	1	?	?	?	0	1	?	?	?	0	?	?	?	1	0	?	0	1	0	?	?	?	0	?	0	1	0	0	1	0	?	?	?	?	
GIH	1	1	0	0	0	1	0	1	0	1	0	0	1	1	0	0	0	0	0	0	1	1	0	0	0	0	0	0	0	0	0	0	1	1	1	0	0	0	0	0	0	1	1	1	0	0	0	0	0	0	
GIH	0	1	0	0	0	0	0	1	0	1	0	0	0	0	0	0	0	0	0	0	1	0	0	0	0	0	0	0	0	0	0	0	0	1	0	0	0	0	0	0	0	1	0	0	0	0	0	0	0	0	
GIH	1	1	0	0	0	0	0	1	0	1	0	0	0	0	0	0	0	0	0	0	1	0	0	0	0	0	0	0	0	0	0	0	0	1	0	0	0	0	0	0	0	1	0	0	0	0	0	0	0	0	
GIH	1	1	0	0	0	1	0	1	0	1	0	0	0	1	0	0	0	0	0	0	1	1	0	0	0	0	0	0	0	0	0	0	1	1	1	0	0	0	0	0	0	1	0	0	0	0	0	0	0	0	
GIH	1	1	0	0	0	1	0	1	0	1	0	0	1	1	0	0	0	0	0	0	0	1	0	0	0	0	0	0	0	0	0	0	1	1	1	0	0	0	0	0	0	1	1	1	0	0	0	0	0	0	
GIH	0	1	0	0	0	0	0	1	0	1	0	1	0	0	0	0	1	0	0	0	0	0	0	0	0	0	0	0	0	1	0	0	1	1	1	0	0	0	0	0	0	1	1	1	1	0	0	0	0	0	
GIH	1	1	0	0	0	1	0	1	0	1	0	0	1	1	0	0	0	0	0	0	0	1	0	0	0	0	0	0	0	0	0	0	1	1	1	0	0	0	0	0	0	?	1	1	0	0	0	0	0	0	
GIH	0	1	0	0	0	0	0	1	0	1	0	0	0	0	0	0	0	0	0	0	1	0	0	0	0	0	0	0	0	0	0	0	0	1	0	0	0	0	0	0	0	1	0	0	0	0	0	0	0	0	
GIH	1	1	0	0	0	1	0	1	0	1	0	0	1	1	0	0	0	0	0	0	0	1	0	0	0	0	0	0	0	0	0	0	1	1	1	0	0	0	0	0	0	1	1	1	0	0	0	0	0	0	
ASW	1	1	0	1	0	1	0	1	0	1	0	0	1	1	0	0	0	0	0	0	1	1	0	0	0	0	0	0	0	0	0	0	1	1	1	0	0	0	0	0	0	1	1	1	0	0	0	0	0	0	
ASW	1	1	1	1	0	1	0	1	0	1	0	0	0	1	0	0	0	0	0	0	1	1	0	0	0	0	0	0	0	0	0	0	1	1	1	0	0	0	0	0	0	1	0	0	1	0	0	0	0	0	
ASW	1	1	0	1	0	0	0	1	0	1	0	0	0	0	0	0	0	0	0	0	1	0	0	0	0	0	0	0	0	0	0	0	0	1	0	0	0	0	0	0	0	1	0	0	0	1	0	0	0	0	
ASW	1	1	1	1	0	1	0	1	0	1	0	0	0	1	0	0	0	0	0	0	1	1	0	0	0	0	0	0	0	0	0	0	1	1	1	0	0	0	0	0	0	1	1	1	0	0	0	0	0	0	
ASW	1	1	0	1	0	0	0	1	0	1	0	0	0	0	0	0	0	0	0	0	0	0	0	0	0	0	0	0	0	0	0	0	0	1	0	0	0	0	0	0	0	1	0	0	0	0	0	0	0	0	
ASW	1	1	0	1	0	1	0	1	0	1	0	0	1	1	0	0	0	0	0	0	0	1	0	0	0	0	0	0	0	0	0	0	1	1	1	0	0	0	0	0	0	1	1	1	0	0	0	0	0	0	
ASW	1	1	1	1	0	1	0	1	0	1	0	0	0	1	0	0	0	0	0	0	1	1	0	0	0	0	0	0	0	0	0	0	1	1	1	0	0	0	0	0	0	1	0	0	1	0	0	0	0	0	
ASW	1	1	1	1	0	1	0	1	0	1	0	0	0	1	0	0	0	0	0	0	0	1	0	0	0	0	0	0	0	0	0	0	1	1	1	0	0	0	0	0	0	1	0	0	0	0	0	0	0	0	
ASW	1	1	0	1	0	0	0	1	0	1	0	0	0	0	0	0	0	0	0	0	1	0	0	0	0	0	0	0	0	0	0	0	0	1	0	0	0	0	0	0	0	1	0	0	1	0	0	0	0	0	
ASW	1	1	0	1	0	0	0	1	0	1	0	0	0	0	0	0	0	0	0	0	1	0	0	0	0	0	0	0	0	0	0	0	0	1	0	0	0	0	0	0	0	1	0	0	1	0	0	0	0	0	
ASW	0	1	0	1	0	1	0	1	0	1	0	0	1	1	0	0	0	0	0	0	0	1	0	0	0	0	0	0	0	0	0	0	0	1	0	0	0	0	0	0	0	1	1	0	0	0	0	0	0	0	
YRI	1	0	1	0	?	1	?	0	0	0	0	0	0	1	?	?	0	0	0	0	0	1	0	0	0	?	?	?	?	0	0	0	1	0	1	0	0	0	0	?	0	0	?	0	0	0	0	0	?	?	
JPT	1	0	0	0	0	1	0	0	0	0	0	0	1	1	1	0	0	0	1	0	1	1	0	0	0	0	1	1	0	0	0	0	1	0	1	0	0	0	1	1	1	1	1	1	0	0	1	1	0	0	
JPT	?	0	0	0	0	1	0	0	0	0	0	0	1	1	1	0	0	0	0	0	1	1	0	0	0	1	1	1	0	0	0	0	1	0	1	0	0	0	0	1	0	1	1	1	0	0	1	1	0	0	
YRI	?	0	0	0	1	?	0	0	0	0	0	?	0	0	1	0	?	0	0	0	?	?	0	0	0	0	0	1	0	?	0	0	?	0	0	0	0	0	0	0	0	0	0	0	1	?	0	0	0	0	
JPT	1	0	0	0	0	1	0	0	0	0	0	0	1	1	?	?	0	0	?	0	0	1	0	0	0	?	?	?	0	0	?	0	1	0	1	0	0	0	?	?	?	1	1	1	0	0	?	?	?	?	
JPT	1	0	0	0	0	1	0	0	0	0	0	0	1	1	?	?	0	0	?	0	1	1	0	0	0	?	?	?	0	0	?	0	1	0	1	0	0	0	?	?	?	1	1	1	0	0	?	?	?	?	
JPT	1	0	0	0	0	1	0	0	0	0	0	0	1	1	0	0	0	0	0	0	0	1	0	0	0	0	1	1	0	0	0	0	1	0	1	0	0	0	1	1	1	1	1	1	0	0	?	1	0	0	
JPT	1	0	0	0	0	1	0	0	0	0	0	0	1	1	?	?	0	0	?	0	1	1	0	0	0	?	?	?	0	0	?	0	1	0	1	0	0	0	?	?	?	1	1	1	0	0	?	?	?	?	
JPT	1	0	0	0	0	0	0	0	0	0	0	1	0	0	1	1	1	0	0	0	1	0	0	0	0	1	0	1	0	1	0	0	1	0	1	0	0	0	1	1	1	1	1	1	0	0	0	1	?	0	
JPT	1	0	0	0	0	0	0	0	0	0	0	1	0	0	1	1	1	0	0	0	1	0	0	0	0	1	0	1	0	1	0	0	1	0	1	0	0	0	1	1	1	1	1	1	0	0	1	1	0	0	
JPT	1	0	0	0	0	1	0	0	0	0	0	1	1	1	0	1	1	0	0	0	0	1	0	0	0	0	1	1	0	1	0	0	1	0	1	0	0	0	1	1	1	1	1	1	0	0	0	1	?	1	
JPT	1	0	0	0	0	1	0	0	0	0	0	0	1	1	1	0	0	0	0	0	1	1	0	0	0	1	1	1	0	0	0	0	1	0	1	0	0	0	1	1	1	1	1	1	0	0	1	1	0	0	
ASW	0	1	0	1	0	1	0	1	0	1	0	0	0	1	0	0	0	0	0	0	0	1	0	0	0	0	0	0	0	0	0	0	0	1	0	0	0	0	0	0	0	1	0	0	1	0	0	0	0	0	
GIH	1	1	0	0	0	1	0	1	0	1	0	0	1	1	0	0	0	0	0	0	1	1	0	0	0	0	0	0	0	0	0	0	1	1	1	0	0	0	0	0	0	1	1	1	0	0	0	0	0	0	
GIH	1	1	0	0	0	1	0	1	0	1	0	0	1	1	0	0	0	0	0	0	0	1	0	0	0	0	0	0	0	0	0	0	1	1	1	0	0	0	0	0	0	1	1	1	0	0	0	0	0	0	
GIH	1	1	0	0	0	1	0	1	0	1	0	0	1	1	0	0	0	0	0	0	1	1	0	0	0	0	0	0	0	0	0	0	1	1	1	0	0	0	0	0	0	1	1	1	0	0	0	0	0	0	
GIH	1	1	0	0	0	1	0	1	0	1	0	0	1	1	0	0	0	0	0	0	0	1	0	0	0	0	0	0	0	0	0	0	1	1	1	0	0	0	0	0	0	1	?	1	0	0	0	0	0	0	
GIH	1	1	0	0	0	0	0	1	0	1	0	1	0	0	0	0	1	0	0	0	0	0	0	0	0	0	0	0	0	1	0	0	1	1	1	0	0	0	0	0	0	1	1	1	0	0	0	0	0	0	
GIH	1	1	0	0	0	0	0	1	0	1	0	1	0	0	0	0	1	0	0	0	1	0	0	0	0	0	0	0	0	1	0	0	1	1	1	0	0	0	0	0	0	1	1	1	0	0	0	0	0	0	
GIH	1	1	0	0	0	1	0	1	0	1	0	0	1	1	0	0	0	0	0	0	0	1	0	0	0	0	0	0	0	0	0	0	1	1	1	0	0	0	0	0	0	1	1	1	0	0	0	0	0	0	
YRI	1	0	1	0	1	1	0	0	0	0	0	0	0	1	0	0	0	0	0	0	0	1	0	0	0	0	1	1	1	0	0	0	1	0	1	0	0	0	0	1	0	0	0	0	0	0	0	0	1	0	
GIH	1	1	0	0	0	1	0	1	0	1	0	0	1	1	0	0	0	0	0	0	1	1	0	0	0	0	0	0	0	0	0	0	1	1	1	0	0	0	0	0	0	1	1	1	0	0	0	0	0	0	
YRI	1	0	0	0	1	0	0	0	0	0	0	0	0	0	1	0	0	0	0	0	1	0	0	0	0	0	0	1	0	0	0	0	0	0	0	0	0	0	0	0	0	0	0	0	1	0	0	0	1	0	
ASW	1	1	0	1	0	0	0	1	0	1	0	?	0	0	0	0	1	0	0	0	0	0	0	0	0	0	0	0	0	1	0	0	1	1	1	0	0	0	0	0	0	1	1	1	1	0	0	0	0	0	
YRI	0	0	0	0	?	0	?	0	0	0	0	0	0	0	?	?	0	0	0	0	1	0	0	0	0	?	?	?	?	0	0	0	0	0	0	0	0	0	0	?	0	0	?	0	1	0	0	0	?	?	
GIH	1	1	0	0	0	1	0	1	0	1	0	0	1	1	0	0	0	0	0	0	0	1	0	0	0	0	0	0	0	0	0	0	1	1	1	0	0	0	0	0	0	1	1	1	0	0	0	0	0	0	
YRI	1	0	1	0	?	1	?	0	0	0	0	0	0	1	?	?	0	0	0	0	0	1	0	0	0	?	?	?	?	0	0	0	1	0	1	0	0	0	0	?	0	0	?	0	1	1	0	0	?	?	
YRI	1	0	0	0	1	0	0	0	0	0	0	0	0	0	0	0	0	0	0	0	0	0	0	0	0	0	0	1	0	0	0	0	0	0	0	0	0	0	0	0	0	0	0	0	0	0	0	0	1	0	
YRI	1	0	0	0	?	0	?	0	0	0	0	0	0	0	?	?	0	0	0	0	1	0	0	0	0	?	?	?	?	0	0	0	0	0	0	0	0	0	0	?	0	0	?	0	1	0	0	0	?	?	
YRI	1	0	1	0	1	1	0	0	0	0	0	0	0	1	0	0	0	0	0	0	0	1	0	0	0	0	1	1	1	0	0	0	1	0	1	0	0	0	0	1	0	0	1	0	0	0	0	0	1	0	
YRI	1	0	0	0	1	1	0	0	0	0	0	0	1	1	0	0	0	0	0	0	0	1	0	0	0	0	1	1	1	0	0	0	1	0	1	0	0	0	0	1	0	0	1	0	0	0	0	0	1	0	
ASW	1	1	1	1	0	1	0	1	0	1	0	0	0	1	0	0	0	0	0	0	1	1	0	0	0	0	0	0	0	0	0	0	1	1	1	0	0	0	0	0	0	1	0	0	1	0	0	0	0	0	